Version 0.9.7
8
 4 5 294 77 128 0 1
 5 80 400 206 81 2 2
 1 269 560 206 81 8 3
 0 155 244 877 276 18 4
 6 605 36 449 130 150 5
 1 670 567 206 81 183 6
 3 336 108 203 58 193 7
 0 1026 233 877 276 202 8
 0
111
 16711680 5 66 308 66 308 66 258 66 258 208 258 208 258 0 1 0 4
 16711680 5 66 321 66 321 159 321 159 492 208 492 208 492 0 1 0 4
 16711680 5 66 368 66 368 133 368 133 271 208 271 208 271 0 1 0 4
 16711680 5 66 381 66 381 141 381 141 505 208 505 208 505 0 1 0 4
 16711680 5 221 492 221 492 221 571 221 571 284 571 284 571 0 4 0 3
 16711680 5 284 629 284 629 234 629 234 629 234 505 234 505 0 3 0 4
 16711680 5 416 505 416 505 416 505 416 453 416 453 416 453 0 4 0 4
 16711680 5 429 492 429 492 429 492 429 453 429 453 429 453 0 4 0 4
 16711680 5 442 492 442 492 442 492 442 453 442 453 442 453 0 4 0 4
 16711680 5 585 453 585 453 585 453 585 505 585 505 585 505 0 4 0 4
 16711680 5 598 492 598 492 598 492 598 453 598 453 598 453 0 4 0 4
 16711680 5 611 505 611 505 611 505 611 453 611 453 611 453 0 4 0 4
 16711680 5 624 492 624 492 624 492 624 453 624 453 624 453 0 4 0 4
 16711680 5 650 492 650 492 650 578 650 578 685 578 685 578 0 4 0 6
 16711680 5 637 505 637 505 637 636 637 636 685 636 685 636 0 4 0 6
 16711680 5 689 258 689 258 689 258 689 310 689 310 689 310 0 4 0 4
 16711680 5 598 258 598 258 621 258 621 258 621 63 621 63 0 4 0 5
 16711680 5 702 310 702 310 702 207 811 207 811 159 811 159 0 4 0 5
 16711680 5 715 310 715 310 715 221 824 221 824 159 824 159 0 4 0 5
 16711680 5 728 310 728 310 746 310 746 310 746 159 746 159 0 4 0 5
 16711680 5 741 310 741 310 759 310 759 310 759 159 759 159 0 4 0 5
 16711680 5 754 310 754 310 772 310 772 310 772 159 772 159 0 4 0 5
 16711680 5 767 310 767 310 785 310 785 310 785 159 785 159 0 4 0 5
 16711680 5 780 310 780 310 798 310 798 310 798 159 798 159 0 4 0 5
 16711680 5 377 453 377 453 377 453 377 505 377 505 377 505 0 4 0 4
 16711680 5 559 453 559 453 559 453 559 505 559 505 559 505 0 4 0 4
 16711680 5 286 310 286 310 286 310 286 258 286 258 286 258 0 4 0 4
 16711680 5 468 310 468 310 468 310 468 258 468 258 468 258 0 4 0 4
 16711680 5 780 453 780 453 780 453 780 505 780 505 780 505 0 4 0 4
 16711680 5 403 492 403 492 403 492 403 453 403 453 403 453 0 4 0 4
 255 5 312 336 312 336 312 343 494 343 494 336 494 336 0 4 0 4
 16711680 5 689 453 689 453 695 453 695 578 726 578 726 578 0 4 0 6
 16711680 5 745 578 745 578 767 578 767 578 767 453 767 453 0 6 0 4
 16711808 5 364 414 372 414 372 334 390 334 390 336 390 336 0 4 0 4
 16711808 5 377 349 380 349 380 355 403 355 403 336 403 336 0 4 0 4
 16711808 5 546 453 551 453 551 373 416 373 416 336 416 336 0 4 0 4
 16711808 5 559 336 559 336 559 336 429 336 429 336 429 336 0 4 0 4
 16711808 5 390 310 390 310 390 152 390 152 382 152 382 152 0 4 0 7
 16711808 5 403 310 403 310 402 310 402 310 402 152 402 152 0 4 0 7
 16711808 5 416 310 416 310 416 152 416 152 422 152 422 152 0 4 0 7
 16711808 5 429 310 429 310 429 152 429 152 442 152 442 152 0 4 0 7
 16711680 5 837 159 837 159 837 258 837 258 832 258 832 258 0 5 0 4
 4194368 5 1261 299 1261 299 1261 299 1261 247 1261 247 1261 247 0 8 0 8
 4194368 5 1339 494 1339 494 1339 494 1339 442 1339 442 1339 442 0 8 0 8
 4194368 5 1183 338 1183 338 1183 332 1274 332 1274 338 1274 338 0 8 0 8
 4194368 5 1196 338 1193 338 1193 323 1300 323 1300 338 1300 338 0 8 0 8
 4194368 5 1209 338 1209 338 1209 349 1261 349 1261 403 1261 403 0 8 0 8
 4194368 5 1222 338 1222 338 1222 343 1287 343 1287 403 1287 403 0 8 0 8
 16711680 5 1404 299 1404 299 1404 299 1404 247 1404 247 1404 247 0 8 0 8
 16711680 5 1482 442 1482 442 1482 442 1482 494 1482 494 1482 494 0 8 0 8
 16711680 5 975 271 975 271 1079 271 1079 271 1079 260 1079 260 0 4 0 8
 16711680 5 975 258 975 258 975 250 1079 250 1079 247 1079 247 0 4 0 8
 16711680 5 975 492 975 492 975 492 975 481 1079 481 1079 481 0 4 0 8
 16711680 5 975 505 975 505 1079 505 1079 505 1079 494 1079 494 0 4 0 8
 16711680 5 702 453 702 453 702 453 702 505 702 505 702 505 0 4 0 4
 16711680 5 754 453 754 453 754 453 754 505 754 505 754 505 0 4 0 4
 255 5 689 440 689 440 689 428 481 428 481 440 481 440 0 4 0 4
 255 5 767 440 767 440 767 421 494 421 494 349 494 349 0 4 0 4
 255 5 481 453 481 453 481 467 299 467 299 453 299 453 0 4 0 4
 255 5 338 271 338 271 338 145 338 145 347 145 347 145 0 4 0 7
 255 5 299 271 299 271 299 271 299 310 299 310 299 310 0 4 0 4
 255 5 286 453 286 453 286 453 286 505 286 505 286 505 0 4 0 4
 255 5 468 505 468 505 468 505 468 453 468 453 468 453 0 4 0 4
 255 5 481 310 481 310 481 310 481 271 481 271 481 271 0 4 0 4
 16776960 5 325 571 325 571 335 571 335 453 351 453 351 453 0 3 0 4
 16776960 5 344 571 344 571 361 571 361 360 364 360 364 349 0 3 0 4
 16776960 5 363 571 363 571 363 459 533 459 533 453 533 453 0 3 0 4
 16776960 5 382 571 383 571 383 378 546 378 546 349 546 349 0 3 0 4
 16776960 5 403 440 403 440 403 445 338 445 338 440 338 440 0 4 0 4
 16776960 5 416 440 416 440 416 370 351 370 351 349 351 349 0 4 0 4
 16776960 5 429 440 429 440 429 471 520 471 520 453 520 453 0 4 0 4
 16776960 5 442 440 437 440 437 392 543 392 543 349 533 349 0 4 0 4
 16776960 5 401 571 401 571 401 474 325 474 325 440 325 440 0 3 0 4
 16776960 5 420 571 420 571 420 365 338 365 338 349 338 349 0 3 0 4
 16776960 5 439 571 439 571 439 477 507 477 507 453 507 453 0 3 0 4
 16776960 5 458 571 458 571 458 364 520 364 520 349 520 349 0 3 0 4
 16776960 5 585 440 585 440 585 485 312 485 312 440 312 440 0 4 0 4
 16776960 5 325 349 325 349 325 398 602 398 602 440 598 440 0 4 0 4
 16776960 5 611 440 611 440 611 465 494 465 494 453 494 453 0 4 0 4
 16776960 5 624 440 624 440 624 369 507 369 507 349 507 349 0 4 0 4
 4259584 5 1131 247 1131 247 1131 247 1131 299 1131 299 1131 299 0 8 0 8
 4259584 5 1222 442 1222 442 1222 442 1222 494 1222 494 1222 494 0 8 0 8
 4259584 5 1144 299 1144 299 1144 299 1144 260 1144 260 1144 260 0 8 0 8
 8421440 5 390 323 390 323 390 320 1053 320 1053 312 1053 312 0 4 0 8
 8421440 5 403 323 403 323 403 318 1066 318 1066 312 1066 312 0 4 0 8
 8421440 5 416 323 416 323 416 318 1079 318 1079 312 1079 312 0 4 0 8
 8421440 5 429 323 429 323 429 319 1092 319 1092 312 1092 312 0 4 0 8
 4259584 5 1053 338 1053 338 1053 353 1157 353 1157 338 1157 338 0 8 0 8
 4259584 5 1066 338 1066 338 1066 332 1170 332 1170 338 1170 338 0 8 0 8
 16744703 5 1079 338 1079 338 1079 347 1417 347 1417 338 1417 338 0 8 0 8
 16744703 5 1092 338 1092 338 1092 362 1430 362 1430 338 1430 338 0 8 0 8
 32896 5 1599 442 1599 442 1599 442 1599 494 1599 494 1599 494 0 8 0 8
 32896 5 1521 299 1521 299 1521 299 1521 247 1521 247 1521 247 0 8 0 8
 32896 5 1287 338 1287 338 1287 329 1547 329 1547 338 1547 338 0 8 0 8
 32896 5 1313 338 1313 338 1313 320 1586 320 1586 338 1586 338 0 8 0 8
 32896 5 1274 403 1274 403 1274 411 1521 411 1521 403 1521 403 0 8 0 8
 32896 5 1300 403 1300 403 1300 423 1560 423 1560 403 1560 403 0 8 0 8
 32896 5 1443 338 1443 338 1443 355 1573 355 1573 338 1573 338 0 8 0 8
 32896 5 1443 325 1436 325 1436 383 1534 383 1534 403 1534 403 0 8 0 8
 65535 5 1326 312 1326 312 1326 308 1443 308 1443 312 1443 312 0 8 0 8
 65535 5 1339 299 1339 299 1339 291 1534 291 1534 299 1534 299 0 8 0 8
 65535 5 1339 338 1339 338 1339 363 1573 363 1573 403 1573 403 0 8 0 8
 8421440 5 1638 299 1638 299 1638 299 1638 247 1638 247 1638 247 0 8 0 8
 8421440 5 1716 442 1716 442 1716 442 1716 494 1716 494 1716 494 0 8 0 8
 8421440 5 1560 338 1560 338 1560 353 1651 353 1651 338 1651 338 0 8 0 8
 8421440 5 1599 338 1599 338 1599 365 1664 365 1664 338 1664 338 0 8 0 8
 8421440 5 1547 403 1547 403 1547 412 1638 412 1638 403 1638 403 0 8 0 8
 8421440 5 1586 403 1586 403 1586 397 1651 397 1651 403 1651 403 0 8 0 8
 8421440 5 1664 403 1664 403 1664 403 1677 403 1677 403 1677 403 0 8 0 8
 8421440 5 1677 338 1677 338 1686 338 1686 403 1690 403 1690 403 0 8 0 8
 8388863 5 522 152 549 152 549 9 1703 9 1703 403 1703 403 0 7 0 8
8
 7047 1 16 683 362 5 0 1975855948 1998678543 4
 7153 1 16 280 362 5 0 1975855948 1998678543 4
 7153 1 16 462 362 5 0 1975855948 1998678543 4
 7139 1 16 1125 351 5 0 1975855948 1998678543 8
 7004 1 14 1255 351 5 0 1975855948 1998678543 8
 7008 1 14 1515 351 5 0 1975855948 1998678543 8
 7086 1 14 1398 351 5 0 1975855948 1998678543 8
 7032 1 14 1632 351 5 0 1975855948 1998678543 8
