Version 0.9.7
5
 4 10 175 77 128 0 1
 5 80 400 206 81 2 2
 0 110 110 877 276 8 3
 3 462 34 203 58 140 4
 1 184 452 206 81 149 5
 0
23
 16711680 5 71 189 71 189 71 124 71 124 163 124 163 124 0 1 0 3
 16711680 5 71 249 71 249 93 249 93 137 163 137 163 137 0 1 0 3
 16711680 5 71 228 71 228 103 228 103 358 163 358 163 358 0 1 0 3
 16711680 5 71 288 71 288 71 371 71 371 163 371 163 371 0 1 0 3
 16711680 5 473 71 473 71 475 71 475 71 475 137 475 137 0 4 0 3
 16711680 5 553 176 553 176 553 176 553 124 553 124 553 124 0 3 0 3
 16711680 5 631 319 631 319 631 319 631 371 631 371 631 371 0 3 0 3
 16711680 5 199 463 199 463 199 358 199 358 189 358 189 358 0 5 0 3
 16711680 5 199 521 199 521 189 521 189 521 189 371 189 371 0 5 0 3
 16711680 5 240 476 240 476 229 476 229 319 267 319 267 319 0 5 0 3
 16711680 5 293 319 293 319 293 319 293 371 293 371 293 371 0 3 0 3
 16711680 5 215 176 215 176 215 176 215 124 215 124 215 124 0 3 0 3
 16711680 5 259 463 259 463 259 383 371 383 371 319 371 319 0 5 0 3
 16711680 5 449 319 449 319 449 319 449 371 449 371 449 371 0 3 0 3
 16711680 5 371 176 371 176 371 176 371 124 371 124 371 124 0 3 0 3
 16711680 5 280 306 280 306 280 306 384 306 384 306 384 306 0 3 0 3
 16711680 5 297 463 297 408 419 408 419 306 423 306 423 306 0 5 0 3
 16711680 5 397 306 397 306 397 306 410 306 410 306 410 306 0 3 0 3
 32768 5 240 463 240 463 240 213 384 213 384 215 384 215 0 5 0 3
 32768 5 278 463 278 463 278 255 397 255 397 215 397 215 0 5 0 3
 16711808 5 410 215 410 215 410 215 566 215 566 215 566 215 0 3 0 3
 16711808 5 436 280 436 280 579 280 579 280 579 215 579 215 0 3 0 3
 16776960 5 592 215 592 215 592 78 592 78 588 78 588 78 0 3 0 4
3
 7008 1 14 547 228 5 0 1976118092 1982556687 3
 7004 1 14 209 228 5 0 1976118092 1982556687 3
 7032 1 14 365 228 5 0 1976118092 1982556687 3
